





314.5


230.24
229.914


193.02
192.313


117.86
117.558


96.75
96.79


78.26
76.9747


59.49
58.2045


49.64
48.405


47.00
46.3044


38.37
38.399



193.95



126.185



93.18


69.55
69.7375


50.42
50.418


51.21
51.265


44.25
44.27


35.11
35.115


32.36
32.121


24.14
24.01



207.38



225.45



243.255



166.347


165.58
165.653


101.52
101.2


95.32
95.4533


79.42
79.1829


69.42
69.695


66.78
66.3978


63.66
62.986


41.99
41.6087


39.26
39.3137


35.90
35.9122


33.45
33.3555


91.12
90.954


107.26
106.744

