





207.88


209.70
206.004


173.23
173.102


107.21
107.008


88.10
88.4058


69.67
70.7033


52.85
52.7125


11.35
11.3688


8.28
8.2016


3.93
3.92967



174.62



114.37



72.49


57.50
57.8775


46.93
46.844


4.47
4.475


2.58
2.55571


1.95
1.94625


1.36
1.347


0.71
0.715833



170.05



207.58



211.605



156.213


126.22
127.575


96.39
96.234


77.05
76.9617


69.07
68.8857


63.57
63.6112


56.57
56.6911


49.20
49.312


2.41
2.40733


2.13
2.2225


1.88
1.88444


1.43
1.4305


71.30
71.55


93.43
93.266

